MY_ACCOUNT_ID=0.0.4577259
MY_PRIVATE_KEY=3030020100300706052b8104000a04220420fe85ae1dbd7db57834e5b61bb43cac085a8fc272e442039306bba9d911d7f77c
admineid=0.0.4599208
adminkey=3030020100300706052b8104000a0422042051efa301faada82eaaf0634e45f3d80b5f30fba77ee794981869d0071973bb7a